# This file was produced by samtools stats (1.17+htslib-1.17) and can be plotted using plot-bamstats
# This file contains statistics for all reads.
# The command line was:  stats output/part1/Negative_local.bam
# CHK, Checksum	[2]Read Names	[3]Sequences	[4]Qualities
# CHK, CRC32 of reads which passed filtering followed by addition (32bit overflow)
CHK	2276d693	54f1bfd1	6f92413e
# Summary Numbers. Use `grep ^SN | cut -f 2-` to extract this part.
SN	raw total sequences:	1076320	# excluding supplementary and secondary reads
SN	filtered sequences:	0
SN	sequences:	1076320
SN	is sorted:	1
SN	1st fragments:	1076320
SN	last fragments:	0
SN	reads mapped:	0
SN	reads mapped and paired:	0	# paired-end technology bit set + both mates mapped
SN	reads unmapped:	1076320
SN	reads properly paired:	0	# proper-pair bit set
SN	reads paired:	0	# paired-end technology bit set
SN	reads duplicated:	0	# PCR or optical duplicate bit set
SN	reads MQ0:	0	# mapped and MQ=0
SN	reads QC failed:	0
SN	non-primary alignments:	0
SN	supplementary alignments:	0
SN	total length:	63502880	# ignores clipping
SN	total first fragment length:	63502880	# ignores clipping
SN	total last fragment length:	0	# ignores clipping
SN	bases mapped:	0	# ignores clipping
SN	bases mapped (cigar):	0	# more accurate
SN	bases trimmed:	0
SN	bases duplicated:	0
SN	mismatches:	0	# from NM fields
SN	error rate:	0.000000e+00	# mismatches / bases mapped (cigar)
SN	average length:	59
SN	average first fragment length:	59
SN	average last fragment length:	0
SN	maximum length:	59
SN	maximum first fragment length:	59
SN	maximum last fragment length:	0
SN	average quality:	31.1
SN	insert size average:	0.0
SN	insert size standard deviation:	0.0
SN	inward oriented pairs:	0
SN	outward oriented pairs:	0
SN	pairs with other orientation:	0
SN	pairs on different chromosomes:	0
SN	percentage of properly paired reads (%):	0.0
# First Fragment Qualities. Use `grep ^FFQ | cut -f 2-` to extract this part.
# Columns correspond to qualities and rows to cycles. First column is the cycle number.
FFQ	1	0	0	1076320	0	0	0	0	0	0	0	0	0	0	0	0	0	0	0	0	0	0	0	0	0	0	0	0	0	0	0	0	0	0	0	0	0	0	0	0	0
FFQ	2	0	0	1076320	0	0	0	0	0	0	0	0	0	0	0	0	0	0	0	0	0	0	0	0	0	0	0	0	0	0	0	0	0	0	0	0	0	0	0	0	0
FFQ	3	0	0	1076320	0	0	0	0	0	0	0	0	0	0	0	0	0	0	0	0	0	0	0	0	0	0	0	0	0	0	0	0	0	0	0	0	0	0	0	0	0
FFQ	4	0	0	1076320	0	0	0	0	0	0	0	0	0	0	0	0	0	0	0	0	0	0	0	0	0	0	0	0	0	0	0	0	0	0	0	0	0	0	0	0	0
FFQ	5	0	0	1076320	0	0	0	0	0	0	0	0	0	0	0	0	0	0	0	0	0	0	0	0	0	0	0	0	0	0	0	0	0	0	0	0	0	0	0	0	0
FFQ	6	0	0	1064	0	0	0	0	0	0	0	0	0	0	0	0	0	0	0	30244	0	0	0	0	0	0	14994	0	13533	5481	0	9670	10040	79878	276059	635357	0	0	0	0	0
FFQ	7	0	0	0	0	0	0	0	0	0	0	0	0	0	0	0	0	0	0	32199	0	0	0	0	0	0	12289	0	13022	8216	0	10570	16743	67737	243925	671619	0	0	0	0	0
FFQ	8	0	0	0	0	0	0	0	0	0	0	0	0	0	0	0	0	0	0	33362	0	0	0	0	0	0	11719	0	11805	8641	0	11281	18613	64482	232988	683429	0	0	0	0	0
FFQ	9	0	0	0	0	0	0	0	0	0	0	0	0	0	0	0	31202	0	0	0	0	0	0	0	0	0	11268	0	10890	8527	0	11150	19328	65003	229163	689789	0	0	0	0	0
FFQ	10	0	0	148	0	0	0	0	0	0	0	0	0	0	0	0	31168	0	0	0	0	0	0	0	0	0	11060	0	10284	8663	0	11026	19430	65755	232541	686245	0	0	0	0	0
FFQ	11	0	0	60	0	0	0	0	0	0	0	0	0	0	0	7989	3713	22301	0	0	0	0	0	0	0	3	0	12890	1574	10574	11258	10463	13226	1221	14446	28045	19040	69886	143597	706034	0
FFQ	12	0	0	1	0	0	0	0	0	0	0	0	0	0	0	7256	3417	23483	0	0	0	0	0	0	0	30	1	10655	1384	6161	9638	4475	9887	915	12686	20546	17743	34334	82121	831587	0
FFQ	13	0	0	32	0	0	0	0	0	0	0	0	0	0	0	6389	3167	23269	0	0	0	0	0	0	0	85	7	9258	1438	5151	8740	4080	9437	851	11347	17276	15293	26454	51974	882072	0
FFQ	14	0	0	26	0	0	0	0	0	0	0	0	0	0	0	5632	2959	23482	0	0	0	0	0	0	0	110	30	8447	1329	4568	8634	3553	8638	776	10362	15776	13916	24835	43821	899426	0
FFQ	15	0	0	4	0	0	0	0	0	0	0	0	0	0	0	5120	2971	23399	0	0	0	0	0	0	0	156	36	8093	1309	4085	9018	2828	8288	767	10045	15584	13380	24278	40916	906043	0
FFQ	16	0	0	7	0	0	0	0	0	0	0	0	0	0	0	5051	3091	23126	0	0	0	0	0	0	0	173	69	7734	1440	4088	8957	2391	8093	715	9753	15092	12769	23428	39323	911020	0
FFQ	17	0	0	4	0	0	0	0	0	0	0	0	0	0	0	5408	3147	23181	0	0	0	0	0	0	0	255	124	7757	1566	4182	9454	1715	7863	756	9762	14960	12751	23176	39109	911150	0
FFQ	18	0	0	1	0	0	0	0	0	0	0	0	0	0	0	5910	3182	22963	0	0	0	0	0	0	0	320	207	7672	1818	4389	10360	600	7767	819	10137	14801	12706	23392	38174	911102	0
FFQ	19	0	0	0	0	0	0	0	0	0	0	0	0	0	0	5792	3166	22845	0	0	0	0	0	0	0	441	320	7431	1909	4862	10156	339	7731	838	9917	14937	13104	23395	38188	910949	0
FFQ	20	0	0	4	0	0	0	0	0	0	0	0	0	0	0	6046	3410	22305	0	0	0	0	0	0	0	521	464	7077	2076	5288	9644	246	7743	824	10225	14604	12799	23299	38195	911550	0
FFQ	21	0	0	4	0	0	0	0	0	0	0	0	0	0	0	6154	3627	22471	0	0	0	0	0	0	0	721	633	6921	2277	5774	9307	104	7740	881	10420	14706	13030	23303	38125	910122	0
FFQ	22	0	0	3	0	0	0	0	0	0	0	0	0	0	0	6202	3433	22623	0	0	0	0	0	0	0	758	906	6665	2393	6290	8982	98	7846	843	10293	15200	13223	23518	38625	908419	0
FFQ	23	0	0	2	0	0	0	0	0	0	0	0	0	0	0	6060	3502	22467	0	0	0	0	0	0	0	811	1353	6063	2793	6748	8471	147	7659	857	10210	15140	12904	23727	38752	908654	0
FFQ	24	0	0	5	0	0	0	0	0	0	0	0	0	0	0	6054	3635	22435	0	0	0	0	0	0	0	1008	1680	5581	2952	6569	8137	130	7536	751	10241	15034	13051	23613	38841	909067	0
FFQ	25	0	0	2	0	0	0	0	0	0	0	0	0	0	0	6409	3730	22262	0	0	0	0	0	0	0	1169	2308	4843	3277	6399	8043	154	7549	777	10455	15014	13098	23787	39316	907728	0
FFQ	26	0	0	4	0	0	0	0	0	0	0	0	0	0	0	6309	3733	22456	0	0	0	0	0	0	0	1288	2885	4072	3707	6100	8001	246	7408	832	10440	14858	13074	23730	39189	907988	0
FFQ	27	0	0	8	0	0	0	0	0	0	0	0	0	0	0	6199	3725	22783	0	0	0	0	0	0	0	1434	3574	3391	3968	5724	8349	296	7407	825	10274	15179	13036	23631	39583	906934	0
FFQ	28	0	0	7	0	0	0	0	0	0	0	0	0	0	0	6256	3652	22624	0	0	0	0	0	0	0	1480	4554	2461	4339	5435	8486	369	7277	816	10317	15360	13253	23921	39466	906247	0
FFQ	29	0	0	1	0	0	0	0	0	0	0	0	0	0	0	6344	3706	22773	0	0	0	0	0	0	0	1494	5189	1694	4708	5161	8425	444	7214	860	10546	15183	13225	24048	39941	905364	0
FFQ	30	0	0	1	0	0	0	0	0	0	0	0	0	0	0	6334	3815	22693	0	0	0	0	0	0	0	1510	5855	1055	4984	4874	8523	523	7024	824	10344	15481	13286	24449	39432	905313	0
FFQ	31	0	0	4	0	0	0	0	0	0	0	0	0	0	0	6527	3968	22855	0	0	0	0	0	0	0	1470	6486	503	5199	4694	8688	575	6919	880	10415	15463	13254	24637	39787	903996	0
FFQ	32	0	0	0	0	0	0	0	0	0	0	0	0	0	0	6600	3790	23314	0	0	0	0	0	0	0	1601	6878	250	5575	4531	8741	593	7147	817	10523	15435	13513	24434	39809	902769	0
FFQ	33	0	0	2	0	0	0	0	0	0	0	0	0	0	0	6778	3838	23088	0	0	0	0	0	0	0	1578	6904	81	5586	4525	8850	638	7155	835	10467	15552	13502	24742	40427	901772	0
FFQ	34	0	0	11	0	0	0	0	0	0	0	0	0	0	0	6709	3906	23307	0	0	0	0	0	0	0	1553	7014	42	5751	4530	8934	642	6906	915	10702	15766	13616	24691	40535	900790	0
FFQ	35	0	0	13	0	0	0	0	0	0	0	0	0	0	0	6661	3927	23160	0	0	0	0	0	0	0	1585	7214	39	5670	4657	8990	623	7072	845	10574	15512	13490	24689	40456	901143	0
FFQ	36	0	0	44	0	0	0	0	0	0	0	0	0	0	0	6564	3903	23573	0	0	0	0	0	0	0	1660	7085	43	5582	4565	8925	661	6955	896	10673	15631	13708	24738	40401	900713	0
FFQ	37	0	0	22	0	0	0	0	0	0	0	0	0	0	0	6580	4071	23533	0	0	0	0	0	0	0	1613	7139	48	5688	4484	8909	664	7081	854	10620	15717	13601	24861	40539	900296	0
FFQ	38	0	0	18	0	0	0	0	0	0	0	0	0	0	0	6762	3995	23746	0	0	0	0	0	0	0	1593	7224	48	5597	4608	8848	630	7030	842	10697	15519	13506	24580	40656	900421	0
FFQ	39	0	0	11	0	0	0	0	0	0	0	0	0	0	0	6573	3971	23811	0	0	0	0	0	0	0	1608	7148	46	5643	4628	8993	645	7072	921	10715	15794	13543	24717	40443	900038	0
FFQ	40	0	0	7	0	0	0	0	0	0	0	0	0	0	0	6539	4150	23645	0	0	0	0	0	0	0	1621	7125	67	5723	4471	8846	575	7226	901	10749	15628	13470	24629	41018	899930	0
FFQ	41	0	0	1	0	0	0	0	0	0	0	0	0	0	0	6703	4254	24032	0	0	0	0	0	0	0	1633	7357	70	5647	4665	9092	661	7119	903	10679	15862	13671	25214	41414	897343	0
FFQ	42	0	0	2	0	0	0	0	0	0	0	0	0	0	0	6697	4268	24279	0	0	0	0	0	0	0	1605	7119	75	5794	4852	9171	694	7342	918	11103	16207	13912	25493	41758	895031	0
FFQ	43	0	0	3	0	0	0	0	0	0	0	0	0	0	0	6941	4341	24520	0	0	0	0	0	0	0	1589	7200	71	5835	4807	9433	618	7518	920	11241	16970	14201	26482	42465	891165	0
FFQ	44	0	0	1	0	0	0	0	0	0	0	0	0	0	0	6975	4477	24781	0	0	0	0	0	0	0	1719	7278	78	5913	4694	9734	614	7395	967	11405	16983	14527	27054	43454	888271	0
FFQ	45	0	0	1	0	0	0	0	0	0	0	0	0	0	0	7029	4356	24942	0	0	0	0	0	0	0	1692	7411	74	6060	4833	9887	682	7591	1000	11553	17327	14649	27286	43695	886252	0
FFQ	46	0	0	5	0	0	0	0	0	0	0	0	0	0	0	7226	4514	24882	0	0	0	0	0	0	0	1739	7246	103	6104	4926	10037	689	7730	990	11725	17726	14977	27990	44447	883264	0
FFQ	47	0	0	0	0	0	0	0	0	0	0	0	0	0	0	7195	4720	24952	0	0	0	0	0	0	0	1680	7339	101	6051	4942	9965	635	7798	1028	11572	17808	15202	28172	44640	882520	0
FFQ	48	0	0	0	0	0	0	0	0	0	0	0	0	0	0	7148	4717	25184	0	0	0	0	0	0	0	1787	7507	121	6123	4973	10199	661	7809	1034	11778	17712	15119	28375	45176	880897	0
FFQ	49	0	0	21	0	0	0	0	0	0	0	0	0	0	0	7287	4777	25270	0	0	0	0	0	0	0	1808	7686	129	6235	5077	10177	663	7868	1026	11859	18122	15506	28528	45077	879204	0
FFQ	50	0	0	4	0	0	0	0	0	0	0	0	0	0	0	7193	4977	25587	0	0	0	0	0	0	0	1786	7684	131	6295	5147	10226	694	7889	1014	12105	18014	15349	29057	45925	877243	0
FFQ	51	0	0	24	0	0	0	0	0	0	0	0	0	0	0	7428	4984	24898	0	0	0	0	0	0	0	1846	7617	148	6062	5109	10118	681	7978	1044	12000	18189	15606	29024	45395	878169	0
FFQ	52	0	0	2	0	0	0	0	0	0	0	0	0	0	0	7399	5239	25131	0	0	0	0	0	0	0	1887	7609	179	6352	5100	10408	746	8016	1027	12206	18335	15636	29145	45746	876157	0
FFQ	53	0	0	12	0	0	0	0	0	0	0	0	0	0	0	7368	5219	25374	0	0	0	0	0	0	0	1823	7671	166	6332	5195	10376	699	7986	1023	11992	18486	15732	28935	45898	876033	0
FFQ	54	0	0	8	0	0	0	0	0	0	0	0	0	0	0	7766	5424	25184	0	0	0	0	0	0	0	1940	7567	192	6234	5064	10513	756	7823	1121	12136	18733	15950	28889	46129	874891	0
FFQ	55	0	0	21	0	0	0	0	0	0	0	0	0	0	0	7750	5648	25203	0	0	0	0	0	0	0	1984	7771	188	6354	5199	10450	699	8085	1112	12370	18587	15917	29342	45940	873700	0
FFQ	56	0	0	1076320	0	0	0	0	0	0	0	0	0	0	0	0	0	0	0	0	0	0	0	0	0	0	0	0	0	0	0	0	0	0	0	0	0	0	0	0	0
FFQ	57	0	0	1076320	0	0	0	0	0	0	0	0	0	0	0	0	0	0	0	0	0	0	0	0	0	0	0	0	0	0	0	0	0	0	0	0	0	0	0	0	0
FFQ	58	0	0	1076320	0	0	0	0	0	0	0	0	0	0	0	0	0	0	0	0	0	0	0	0	0	0	0	0	0	0	0	0	0	0	0	0	0	0	0	0	0
FFQ	59	0	0	1076320	0	0	0	0	0	0	0	0	0	0	0	0	0	0	0	0	0	0	0	0	0	0	0	0	0	0	0	0	0	0	0	0	0	0	0	0	0
# Last Fragment Qualities. Use `grep ^LFQ | cut -f 2-` to extract this part.
# Columns correspond to qualities and rows to cycles. First column is the cycle number.
# GC Content of first fragments. Use `grep ^GCF | cut -f 2-` to extract this part.
GCF	0.75	0
GCF	2.26	1
GCF	4.02	2
GCF	5.78	3
GCF	7.29	4
GCF	9.05	34
GCF	10.80	112
GCF	12.31	252
GCF	14.07	429
GCF	15.83	846
GCF	17.59	1489
GCF	19.35	2340
GCF	20.85	3548
GCF	22.61	5104
GCF	24.37	7492
GCF	25.88	9936
GCF	27.64	13258
GCF	29.40	17204
GCF	31.16	22072
GCF	32.91	28908
GCF	34.42	37603
GCF	36.18	47850
GCF	37.94	60911
GCF	39.45	74143
GCF	41.21	87479
GCF	42.96	98036
GCF	44.72	102557
GCF	46.48	101077
GCF	47.99	91945
GCF	49.75	78429
GCF	51.51	62184
GCF	53.02	46057
GCF	54.77	31629
GCF	56.53	19928
GCF	58.29	11651
GCF	60.05	6345
GCF	61.56	3113
GCF	63.32	1416
GCF	65.08	607
GCF	66.58	213
GCF	68.34	59
GCF	70.10	36
GCF	71.86	14
GCF	73.62	4
# GC Content of last fragments. Use `grep ^GCL | cut -f 2-` to extract this part.
# ACGT content per cycle. Use `grep ^GCC | cut -f 2-` to extract this part. The columns are: cycle; A,C,G,T base counts as a percentage of all A/C/G/T bases [%]; and N and O counts as a percentage of all A/C/G/T bases [%]
GCC	6	24.67	25.40	25.29	24.64	0.00	0.00
GCC	7	24.65	25.35	25.29	24.71	0.00	0.00
GCC	8	24.76	25.32	25.31	24.62	0.00	0.00
GCC	9	24.68	25.38	25.32	24.63	0.00	0.00
GCC	10	24.65	25.34	25.30	24.72	0.00	0.00
GCC	11	24.70	25.28	25.36	24.66	0.00	0.00
GCC	12	24.62	25.36	25.30	24.71	0.00	0.00
GCC	13	24.72	25.27	25.32	24.69	0.00	0.00
GCC	14	24.66	25.32	25.33	24.69	0.00	0.00
GCC	15	24.70	25.37	25.24	24.69	0.00	0.00
GCC	16	24.63	25.38	25.28	24.71	0.00	0.00
GCC	17	24.65	25.32	25.34	24.69	0.00	0.00
GCC	18	24.72	25.29	25.27	24.72	0.00	0.00
GCC	19	24.74	25.27	25.34	24.65	0.00	0.00
GCC	20	24.66	25.37	25.34	24.64	0.00	0.00
GCC	21	24.72	25.24	25.31	24.73	0.00	0.00
GCC	22	24.68	25.33	25.27	24.73	0.00	0.00
GCC	23	24.70	25.36	25.30	24.64	0.00	0.00
GCC	24	24.71	25.36	25.23	24.70	0.00	0.00
GCC	25	24.72	25.24	25.35	24.69	0.00	0.00
GCC	26	24.71	25.34	25.30	24.65	0.00	0.00
GCC	27	24.63	25.33	25.31	24.73	0.00	0.00
GCC	28	24.70	25.25	25.37	24.68	0.00	0.00
GCC	29	24.71	25.29	25.31	24.69	0.00	0.00
GCC	30	24.74	25.34	25.31	24.62	0.00	0.00
GCC	31	24.68	25.27	25.39	24.65	0.00	0.00
GCC	32	24.67	25.31	25.30	24.72	0.00	0.00
GCC	33	24.68	25.28	25.31	24.74	0.00	0.00
GCC	34	24.65	25.27	25.35	24.72	0.00	0.00
GCC	35	24.65	25.38	25.32	24.65	0.00	0.00
GCC	36	24.66	25.33	25.32	24.68	0.00	0.00
GCC	37	24.69	25.34	25.29	24.68	0.00	0.00
GCC	38	24.66	25.31	25.32	24.71	0.00	0.00
GCC	39	24.69	25.36	25.28	24.67	0.00	0.00
GCC	40	24.71	25.27	25.35	24.67	0.00	0.00
GCC	41	24.72	25.32	25.33	24.63	0.00	0.00
GCC	42	24.72	25.32	25.33	24.63	0.00	0.00
GCC	43	24.71	25.32	25.28	24.69	0.00	0.00
GCC	44	24.62	25.29	25.38	24.70	0.00	0.00
GCC	45	24.72	25.29	25.27	24.72	0.00	0.00
GCC	46	24.71	25.30	25.31	24.68	0.00	0.00
GCC	47	24.70	25.35	25.28	24.67	0.00	0.00
GCC	48	24.67	25.34	25.31	24.68	0.00	0.00
GCC	49	24.75	25.26	25.32	24.68	0.00	0.00
GCC	50	24.64	25.31	25.37	24.68	0.00	0.00
GCC	51	24.63	25.35	25.28	24.75	0.00	0.00
GCC	52	24.66	25.29	25.36	24.70	0.00	0.00
GCC	53	24.60	25.31	25.33	24.76	0.00	0.00
GCC	54	24.66	25.34	25.31	24.69	0.00	0.00
GCC	55	24.74	25.32	25.22	24.72	0.00	0.00
# ACGT content per cycle, read oriented. Use `grep ^GCT | cut -f 2-` to extract this part. The columns are: cycle; A,C,G,T base counts as a percentage of all A/C/G/T bases [%]
GCT	6	24.67	25.40	25.29	24.64
GCT	7	24.65	25.35	25.29	24.71
GCT	8	24.76	25.32	25.31	24.62
GCT	9	24.68	25.38	25.32	24.63
GCT	10	24.65	25.34	25.30	24.72
GCT	11	24.70	25.28	25.36	24.66
GCT	12	24.62	25.36	25.30	24.71
GCT	13	24.72	25.27	25.32	24.69
GCT	14	24.66	25.32	25.33	24.69
GCT	15	24.70	25.37	25.24	24.69
GCT	16	24.63	25.38	25.28	24.71
GCT	17	24.65	25.32	25.34	24.69
GCT	18	24.72	25.29	25.27	24.72
GCT	19	24.74	25.27	25.34	24.65
GCT	20	24.66	25.37	25.34	24.64
GCT	21	24.72	25.24	25.31	24.73
GCT	22	24.68	25.33	25.27	24.73
GCT	23	24.70	25.36	25.30	24.64
GCT	24	24.71	25.36	25.23	24.70
GCT	25	24.72	25.24	25.35	24.69
GCT	26	24.71	25.34	25.30	24.65
GCT	27	24.63	25.33	25.31	24.73
GCT	28	24.70	25.25	25.37	24.68
GCT	29	24.71	25.29	25.31	24.69
GCT	30	24.74	25.34	25.31	24.62
GCT	31	24.68	25.27	25.39	24.65
GCT	32	24.67	25.31	25.30	24.72
GCT	33	24.68	25.28	25.31	24.74
GCT	34	24.65	25.27	25.35	24.72
GCT	35	24.65	25.38	25.32	24.65
GCT	36	24.66	25.33	25.32	24.68
GCT	37	24.69	25.34	25.29	24.68
GCT	38	24.66	25.31	25.32	24.71
GCT	39	24.69	25.36	25.28	24.67
GCT	40	24.71	25.27	25.35	24.67
GCT	41	24.72	25.32	25.33	24.63
GCT	42	24.72	25.32	25.33	24.63
GCT	43	24.71	25.32	25.28	24.69
GCT	44	24.62	25.29	25.38	24.70
GCT	45	24.72	25.29	25.27	24.72
GCT	46	24.71	25.30	25.31	24.68
GCT	47	24.70	25.35	25.28	24.67
GCT	48	24.67	25.34	25.31	24.68
GCT	49	24.75	25.26	25.32	24.68
GCT	50	24.64	25.31	25.37	24.68
GCT	51	24.63	25.35	25.28	24.75
GCT	52	24.66	25.29	25.36	24.70
GCT	53	24.60	25.31	25.33	24.76
GCT	54	24.66	25.34	25.31	24.69
GCT	55	24.74	25.32	25.22	24.72
# ACGT content per cycle for first fragments. Use `grep ^FBC | cut -f 2-` to extract this part. The columns are: cycle; A,C,G,T base counts as a percentage of all A/C/G/T bases [%]; and N and O counts as a percentage of all A/C/G/T bases [%]
FBC	6	24.67	25.40	25.29	24.64	0.00	0.00
FBC	7	24.65	25.35	25.29	24.71	0.00	0.00
FBC	8	24.76	25.32	25.31	24.62	0.00	0.00
FBC	9	24.68	25.38	25.32	24.63	0.00	0.00
FBC	10	24.65	25.34	25.30	24.72	0.00	0.00
FBC	11	24.70	25.28	25.36	24.66	0.00	0.00
FBC	12	24.62	25.36	25.30	24.71	0.00	0.00
FBC	13	24.72	25.27	25.32	24.69	0.00	0.00
FBC	14	24.66	25.32	25.33	24.69	0.00	0.00
FBC	15	24.70	25.37	25.24	24.69	0.00	0.00
FBC	16	24.63	25.38	25.28	24.71	0.00	0.00
FBC	17	24.65	25.32	25.34	24.69	0.00	0.00
FBC	18	24.72	25.29	25.27	24.72	0.00	0.00
FBC	19	24.74	25.27	25.34	24.65	0.00	0.00
FBC	20	24.66	25.37	25.34	24.64	0.00	0.00
FBC	21	24.72	25.24	25.31	24.73	0.00	0.00
FBC	22	24.68	25.33	25.27	24.73	0.00	0.00
FBC	23	24.70	25.36	25.30	24.64	0.00	0.00
FBC	24	24.71	25.36	25.23	24.70	0.00	0.00
FBC	25	24.72	25.24	25.35	24.69	0.00	0.00
FBC	26	24.71	25.34	25.30	24.65	0.00	0.00
FBC	27	24.63	25.33	25.31	24.73	0.00	0.00
FBC	28	24.70	25.25	25.37	24.68	0.00	0.00
FBC	29	24.71	25.29	25.31	24.69	0.00	0.00
FBC	30	24.74	25.34	25.31	24.62	0.00	0.00
FBC	31	24.68	25.27	25.39	24.65	0.00	0.00
FBC	32	24.67	25.31	25.30	24.72	0.00	0.00
FBC	33	24.68	25.28	25.31	24.74	0.00	0.00
FBC	34	24.65	25.27	25.35	24.72	0.00	0.00
FBC	35	24.65	25.38	25.32	24.65	0.00	0.00
FBC	36	24.66	25.33	25.32	24.68	0.00	0.00
FBC	37	24.69	25.34	25.29	24.68	0.00	0.00
FBC	38	24.66	25.31	25.32	24.71	0.00	0.00
FBC	39	24.69	25.36	25.28	24.67	0.00	0.00
FBC	40	24.71	25.27	25.35	24.67	0.00	0.00
FBC	41	24.72	25.32	25.33	24.63	0.00	0.00
FBC	42	24.72	25.32	25.33	24.63	0.00	0.00
FBC	43	24.71	25.32	25.28	24.69	0.00	0.00
FBC	44	24.62	25.29	25.38	24.70	0.00	0.00
FBC	45	24.72	25.29	25.27	24.72	0.00	0.00
FBC	46	24.71	25.30	25.31	24.68	0.00	0.00
FBC	47	24.70	25.35	25.28	24.67	0.00	0.00
FBC	48	24.67	25.34	25.31	24.68	0.00	0.00
FBC	49	24.75	25.26	25.32	24.68	0.00	0.00
FBC	50	24.64	25.31	25.37	24.68	0.00	0.00
FBC	51	24.63	25.35	25.28	24.75	0.00	0.00
FBC	52	24.66	25.29	25.36	24.70	0.00	0.00
FBC	53	24.60	25.31	25.33	24.76	0.00	0.00
FBC	54	24.66	25.34	25.31	24.69	0.00	0.00
FBC	55	24.74	25.32	25.22	24.72	0.00	0.00
# ACGT raw counters for first fragments. Use `grep ^FTC | cut -f 2-` to extract this part. The columns are: A,C,G,T,N base counters
FTC	13284149	13625281	13621807	13284763	9686880
# ACGT content per cycle for last fragments. Use `grep ^LBC | cut -f 2-` to extract this part. The columns are: cycle; A,C,G,T base counts as a percentage of all A/C/G/T bases [%]; and N and O counts as a percentage of all A/C/G/T bases [%]
# ACGT raw counters for last fragments. Use `grep ^LTC | cut -f 2-` to extract this part. The columns are: A,C,G,T,N base counters
LTC	0	0	0	0	0
# Insert sizes. Use `grep ^IS | cut -f 2-` to extract this part. The columns are: insert size, pairs total, inward oriented pairs, outward oriented pairs, other pairs
# Read lengths. Use `grep ^RL | cut -f 2-` to extract this part. The columns are: read length, count
RL	59	1076320
# Read lengths - first fragments. Use `grep ^FRL | cut -f 2-` to extract this part. The columns are: read length, count
FRL	59	1076320
# Read lengths - last fragments. Use `grep ^LRL | cut -f 2-` to extract this part. The columns are: read length, count
# Mapping qualities for reads !(UNMAP|SECOND|SUPPL|QCFAIL|DUP). Use `grep ^MAPQ | cut -f 2-` to extract this part. The columns are: mapq, count
# Indel distribution. Use `grep ^ID | cut -f 2-` to extract this part. The columns are: length, number of insertions, number of deletions
# Indels per cycle. Use `grep ^IC | cut -f 2-` to extract this part. The columns are: cycle, number of insertions (fwd), .. (rev) , number of deletions (fwd), .. (rev)
# Coverage distribution. Use `grep ^COV | cut -f 2-` to extract this part.
# GC-depth. Use `grep ^GCD | cut -f 2-` to extract this part. The columns are: GC%, unique sequence percentiles, 10th, 25th, 50th, 75th and 90th depth percentile
